255 255 255 255 255 255 255 255 255 255 255 255 255 255 255 255
255  12  56  56  19 135  40   5   5  56 162  19  56  56  12 255
255  56   0   0  88 139 247  24  24 247 251  88   0   0  56 255
255  56   0   0  88 255 215 219 219 155 236  88   0   0  56 255
255  19  88  88  30 135 145 160 239 208 177  30  88  88  19 255
255 255 135 135 177 135 169 242 134 135 191 135 255 139 135 255
255  72   0 215 183  72 103   7  72  72 120 145 226   2 183 255
255   0  31  40 231 244 255 255 233   0 121   8 231 231 250 255
255  51 248   4 231  13  24  46 233   0 244   8 195   0 250 255
255  56   0 155 145 255 235   7 238   0 183 192  40 255   0 255
255 162 139 154 135 128  86 132 255  38  72 135  40 139 162 255
255  19  88  88  30 255   0  88  88  88 135 145  14 250  88 255
255  56   0   0  88 135 166 251  20 215   0  40   6  40 224 255
255  56   0   0  88 135  72   7 224 178 131   8 248  16  56 255
255  12  56  56  19 255 199  56 236  40 149  68 224  56  12 255
255 255 255 255 255 255 255 255 255 255 255 255 255 255 255 255
255 255 255 255 255 255 255 255 255 255 255 255 255 255 255 255
255  12  56  56  19 135  40   5   5  56 162  19  56  56  12 255
255  56   0   0  88 139 247  24  24 247 251  88   0   0  56 255
255  56   0   0  88 255 215 219 219 155 236  88   0   0  56 255
255  19  88  88  30 135 145 160 239 208 177  30  88  88  19 255
255 255 135 135 177 135 169 242 134 135 191 135 255 139 135 255
255  72   0 215 183  72 103   7  72  72 120 145 226   2 183 255
255   0  31  40 231 244 255 255 233   0 121   8 231 231 250 255
255  51 248   4 231  13  24  46 233   0 244   8 195   0 250 255
255  56   0 155 145 255 235   7 238   0 183 192  40 255   0 255
255 162 139 154 135 128  86 132 255  38  72 135  40 139 162 255
255  19  88  88  30 255   0  88  88  88 135 145  14 250  88 255
255  56   0   0  88 135 166 251  20 215   0  40   6  40 224 255
255  56   0   0  88 135  72   7 224 178 131   8 248  16  56 255
255  12  56  56  19 255 199  56 236  40 149  68 224  56  12 255
255 255 255 255 255 255 255 255 255 255 255 255 255 255 255 255
255 255 255 255 255 255 255 255 255 255 255 255 255 255 255 255
255  12  56  56  19 135  40   5   5  56 162  19  56  56  12 255
255  56   0   0  88 139 247  24  24 247 251  88   0   0  56 255
255  56   0   0  88 255 215 219 219 155 236  88   0   0  56 255
255  19  88  88  30 135 145 160 239 208 177  30  88  88  19 255
255 255 135 135 177 135 169 242 134 135 191 135 255 139 135 255
255  72   0 215 183  72 103   7  72  72 120 145 226   2 183 255
255   0  31  40 231 244 255 255 233   0 121   8 231 231 250 255
255  51 248   4 231  13  24  46 233   0 244   8 195   0 250 255
255  56   0 155 145 255 235   7 238   0 183 192  40 255   0 255
255 162 139 154 135 128  86 132 255  38  72 135  40 139 162 255
255  19  88  88  30 255   0  88  88  88 135 145  14 250  88 255
255  56   0   0  88 135 166 251  20 215   0  40   6  40 224 255
255  56   0   0  88 135  72   7 224 178 131   8 248  16  56 255
255  12  56  56  19 255 199  56 236  40 149  68 224  56  12 255
255 255 255 255 255 255 255 255 255 255 255 255 255 255 255 255

255 255 255 255 255 255 255 255 255 255 255 255 255 255 255 255
255  12  56  56  19 135 183 250 250   0 162  88 224  56  12 255
255  56   0   0  88 139   2 231   0 255 139 250  40  16  56 255
255  56   0   0  88 255 226 231 195  40  40  14   6 248 224 255
255  19  88  88  30 135 145   8   8 192 135 145  40   8  68 255
255 162 251 236 177 191 120 121 244 183  72 135   0 131 149 255
255  56 247 155 208 135  72   0   0   0  38  88 215 178  40 255
255   5  24 219 239 134  72 233 233 238 255  88  20 224 236 255
255   5  24 219 160 242   7 255  46   7 132  88 251   7  56 255
255  40 247 215 145 169 103 255  24 235  86   0 166  72 199 255
255 135 139 255 135 135  72 244  13 255 128 255 135 135 255 255
255  19  88  88  30 177 183 231 231 145 135  30  88  88  19 255
255  56   0   0  88 135 215  40   4 155 154  88   0   0  56 255
255  56   0   0  88 135   0  31 248   0 139  88   0   0  56 255
255  12  56  56  19 255  72   0  51  56 162  19  56  56  12 255
255 255 255 255 255 255 255 255 255 255 255 255 255 255 255 255
255 255 255 255 255 255 255 255 255 255 255 255 255 255 255 255
255  12  56  56  19 135 183 250 250   0 162  88 224  56  12 255
255  56   0   0  88 139   2 231   0 255 139 250  40  16  56 255
255  56   0   0  88 255 226 231 195  40  40  14   6 248 224 255
255  19  88  88  30 135 145   8   8 192 135 145  40   8  68 255
255 162 251 236 177 191 120 121 244 183  72 135   0 131 149 255
255  56 247 155 208 135  72   0   0   0  38  88 215 178  40 255
255   5  24 219 239 134  72 233 233 238 255  88  20 224 236 255
255   5  24 219 160 242   7 255  46   7 132  88 251   7  56 255
255  40 247 215 145 169 103 255  24 235  86   0 166  72 199 255
255 135 139 255 135 135  72 244  13 255 128 255 135 135 255 255
255  19  88  88  30 177 183 231 231 145 135  30  88  88  19 255
255  56   0   0  88 135 215  40   4 155 154  88   0   0  56 255
255  56   0   0  88 135   0  31 248   0 139  88   0   0  56 255
255  12  56  56  19 255  72   0  51  56 162  19  56  56  12 255
255 255 255 255 255 255 255 255 255 255 255 255 255 255 255 255
255 255 255 255 255 255 255 255 255 255 255 255 255 255 255 255
255  12  56  56  19 135 183 250 250   0 162  88 224  56  12 255
255  56   0   0  88 139   2 231   0 255 139 250  40  16  56 255
255  56   0   0  88 255 226 231 195  40  40  14   6 248 224 255
255  19  88  88  30 135 145   8   8 192 135 145  40   8  68 255
255 162 251 236 177 191 120 121 244 183  72 135   0 131 149 255
255  56 247 155 208 135  72   0   0   0  38  88 215 178  40 255
255   5  24 219 239 134  72 233 233 238 255  88  20 224 236 255
255   5  24 219 160 242   7 255  46   7 132  88 251   7  56 255
255  40 247 215 145 169 103 255  24 235  86   0 166  72 199 255
255 135 139 255 135 135  72 244  13 255 128 255 135 135 255 255
255  19  88  88  30 177 183 231 231 145 135  30  88  88  19 255
255  56   0   0  88 135 215  40   4 155 154  88   0   0  56 255
255  56   0   0  88 135   0  31 248   0 139  88   0   0  56 255
255  12  56  56  19 255  72   0  51  56 162  19  56  56  12 255
255 255 255 255 255 255 255 255 255 255 255 255 255 255 255 255

254 251 251 254 252 253 251 254 251 254 255 255 255 255 255 255
251  15  61 228  56 155  42 225  61 205 254  23  63  63  11 255
251  61  30 227  15 112 154 196  14  61 143  95   0   0  47 255
254 229  30   3  30   0 220  27 246 164 143  95   0   0  47 255
252  77 238   9 130 123  77  77  74   0 252  29  79  79  14 255
253 154 131  30 123  59  38 253 127  95 123 123 146 123 147 255
251   0 252  30 195 167   0 227   4 231 250 131 133   0  46 255
255 242   0 182   9 230   0 220  45  31  17 213   5 252  39 255
254 243 232 232   4 123   0 240 247 252 247 228  44  14   0 255
253 183   3 225 141 124  61  61   3  92  60 187 195   0  61 255
253 143 150 251 143 194 141 135 245 165 141 183 143 143 255 255
255  23  95  95  29 172 200 230 145 135 143  35  95  95  17 255
255  63   0   0  79 226 133 207 203 200 254  95   0   0  47 255
255  63   0   0  79 255 252  30  15 247 143  95   0   0  47 255
255  11  47  47  14 147  45   5   2  33 143  17  47  47   8 255
255 255 255 255 255 255 255 255 255 255 255 255 255 255 255 255
254 251 251 254 252 253 251 254 251 254 255 255 255 255 255 255
251  15  61 228  56 155  42 225  61 205 254  23  63  63  11 255
251  61  30 227  15 112 154 196  14  61 143  95   0   0  47 255
254 229  30   3  30   0 220  27 246 164 143  95   0   0  47 255
252  77 238   9 130 123  77  77  74   0 252  29  79  79  14 255
253 154 131  30 123  59  38 253 127  95 123 123 146 123 147 255
251   0 252  30 195 167   0 227   4 231 250 131 133   0  46 255
255 242   0 182   9 230   0 220  45  31  17 213   5 252  39 255
254 243 232 232   4 123   0 240 247 252 247 228  44  14   0 255
253 183   3 225 141 124  61  61   3  92  60 187 195   0  61 255
253 143 150 251 143 194 141 135 245 165 141 183 143 143 255 255
255  23  95  95  29 172 200 230 145 135 143  35  95  95  17 255
255  63   0   0  79 226 133 207 203 200 254  95   0   0  47 255
255  63   0   0  79 255 252  30  15 247 143  95   0   0  47 255
255  11  47  47  14 147  45   5   2  33 143  17  47  47   8 255
255 255 255 255 255 255 255 255 255 255 255 255 255 255 255 255
254 251 251 254 252 253 251 254 251 254 255 255 255 255 255 255
251  15  61 228  56 155  42 225  61 205 254  23  63  63  11 255
251  61  30 227  15 112 154 196  14  61 143  95   0   0  47 255
254 229  30   3  30   0 220  27 246 164 143  95   0   0  47 255
252  77 238   9 130 123  77  77  74   0 252  29  79  79  14 255
253 154 131  30 123  59  38 253 127  95 123 123 146 123 147 255
251   0 252  30 195 167   0 227   4 231 250 131 133   0  46 255
255 242   0 182   9 230   0 220  45  31  17 213   5 252  39 255
254 243 232 232   4 123   0 240 247 252 247 228  44  14   0 255
253 183   3 225 141 124  61  61   3  92  60 187 195   0  61 255
253 143 150 251 143 194 141 135 245 165 141 183 143 143 255 255
255  23  95  95  29 172 200 230 145 135 143  35  95  95  17 255
255  63   0   0  79 226 133 207 203 200 254  95   0   0  47 255
255  63   0   0  79 255 252  30  15 247 143  95   0   0  47 255
255  11  47  47  14 147  45   5   2  33 143  17  47  47   8 255
255 255 255 255 255 255 255 255 255 255 255 255 255 255 255 255

255 255 255 255 255 255 255 255 255 255 255 255 255 255 255 255
255  12  56  56  19 157  54  47   0  69 255  19  56  56  12 255
255  56   0   0  88 135   0 245  29   0 135  88   0   0  56 255
255  56   0   0  88 149 145   4  38 204 135  88   0   0  56 255
255  19  88  88  30 131 137 221 221 179 175  30  88  88  19 255
255 254 135 135 253 124 251  12 243  68 133 135 254 139 135 255
254 198  69 155   0  86 232  23 252 100 164 137 208 239  38 255
252  54   7 245  82 125   7  45 248   6 241 150 213  23   5 255
254 230 210  20  85 254 232 226 233  69 130 234 213  23   5 255
252  39 166 213  85  37   0   0   0  69 134 203 145 245  54 255
253 145 123   0 131  67 175 236 117 117 187 174 232 251 157 255
253  64   8  38 141 131 188   8   8 136 135  30  88  88  19 255
254 222 235   6  13  39  38 183 225 221 252  88   0   0  56 255
252  54  15  39 244 135 253   0 224   2 139  88   0   0  56 255
252  12  54 222  85 157   0 245 242 176 135  19  56  56  12 255
255 252 252 254 253 253 252 255 255 254 253 255 255 255 255 255
255 255 255 255 255 255 255 255 255 255 255 255 255 255 255 255
255  12  56  56  19 157  54  47   0  69 255  19  56  56  12 255
255  56   0   0  88 135   0 245  29   0 135  88   0   0  56 255
255  56   0   0  88 149 145   4  38 204 135  88   0   0  56 255
255  19  88  88  30 131 137 221 221 179 175  30  88  88  19 255
255 254 135 135 253 124 251  12 243  68 133 135 254 139 135 255
254 198  69 155   0  86 232  23 252 100 164 137 208 239  38 255
252  54   7 245  82 125   7  45 248   6 241 150 213  23   5 255
254 230 210  20  85 254 232 226 233  69 130 234 213  23   5 255
252  39 166 213  85  37   0   0   0  69 134 203 145 245  54 255
253 145 123   0 131  67 175 236 117 117 187 174 232 251 157 255
253  64   8  38 141 131 188   8   8 136 135  30  88  88  19 255
254 222 235   6  13  39  38 183 225 221 252  88   0   0  56 255
252  54  15  39 244 135 253   0 224   2 139  88   0   0  56 255
252  12  54 222  85 157   0 245 242 176 135  19  56  56  12 255
255 252 252 254 253 253 252 255 255 254 253 255 255 255 255 255
255 255 255 255 255 255 255 255 255 255 255 255 255 255 255 255
255  12  56  56  19 157  54  47   0  69 255  19  56  56  12 255
255  56   0   0  88 135   0 245  29   0 135  88   0   0  56 255
255  56   0   0  88 149 145   4  38 204 135  88   0   0  56 255
255  19  88  88  30 131 137 221 221 179 175  30  88  88  19 255
255 254 135 135 253 124 251  12 243  68 133 135 254 139 135 255
254 198  69 155   0  86 232  23 252 100 164 137 208 239  38 255
252  54   7 245  82 125   7  45 248   6 241 150 213  23   5 255
254 230 210  20  85 254 232 226 233  69 130 234 213  23   5 255
252  39 166 213  85  37   0   0   0  69 134 203 145 245  54 255
253 145 123   0 131  67 175 236 117 117 187 174 232 251 157 255
253  64   8  38 141 131 188   8   8 136 135  30  88  88  19 255
254 222 235   6  13  39  38 183 225 221 252  88   0   0  56 255
252  54  15  39 244 135 253   0 224   2 139  88   0   0  56 255
252  12  54 222  85 157   0 245 242 176 135  19  56  56  12 255
255 252 252 254 253 253 252 255 255 254 253 255 255 255 255 255
